100 0.03801368174749716
101 0.028113342028296746
102 0.01718022118600347
103 0.40004376010631615
104 0.31093808065272416
105 0.4023098805647209
106 0.02685069831494127
107 0.012806248474865937
108 0.01753282635515452
109 0.41186648321998715
10 0.028749956521706286
110 0.40902274997853133
111 0.027843132007732023
112 0.021350409832131892
113 0.2884052877462546
114 0.29126209846116274
115 0.02432611765161042
116 0.034169577111810935
117 0.0156591826095744
118 0.039025632602176015
119 0.49282411669884835
11 0.024305554920634957
120 0.29677811577001406
121 0.01907904609774814
122 0.39676301490940435
123 0.4847440974369878
124 0.3096917984060928
125 0.03309984894225326
126 0.018558286558839274
127 0.4811526161209145
128 0.3018463350779664
129 0.02156038033059697
12 0.024537522287305238
130 0.4657219019973186
131 0.39972867047536115
132 0.5995064720251154
133 0.30021174194224987
134 0.021332838535928572
135 0.30082966941443784
136 0.6789695795836516
137 0.48605601529041886
138 0.30976547580387326
139 0.025076084223817453
13 0.031588605540606024
140 0.45814431132559097
141 0.026824615561085025
142 0.4930165920128857
143 0.46886842504054344
144 0.029738863461807385
145 0.4861386736313006
146 0.024915055689281703
147 0.906273821755875
148 0.2917660192688661
149 0.31338085455241155
14 0.02443951718017359
150 0.45595153251195497
15 0.02241539649437417
16 0.0258961387083094
17 0.025472337937456783
18 0.029726923823362488
19 0.033802514699353456
1 0.023894769302087834
20 0.02941360229553675
21 0.025330021713374055
22 0.023760471375795574
23 0.016700000000000024
24 0.022223636066134644
25 0.03230232189796888
26 0.02869076506473817
27 0.019738540979515176
28 0.4023474120707128
29 0.4139190258975781
2 0.019602040710089332
30 0.42026140674584905
31 0.02504895207388924
32 0.029167790454540814
33 0.029662097026339873
34 0.028008748633239638
35 0.029108246254283338
36 0.025624987804875172
37 0.02239665153544169
38 0.02660920893224755
39 0.01936388390793536
3 0.026724707669121474
40 0.014720394016465728
41 0.020298029461009264
42 0.02333002357478444
43 0.018113254815189828
44 0.01983658236693009
45 0.010871982339941483
46 0.011696153213770771
47 0.019401030900444448
48 0.025239849444875895
49 0.015226293048539499
4 0.01555924162676321
50 0.021205895406702303
51 0.01652150114245069
52 0.018817279293245337
53 0.02659624033580686
54 0.021727632176562622
55 0.02451448551367128
56 0.029806039656418662
57 0.390615411882327
58 0.019738540979515228
59 0.01654962235218665
5 0.0179454729667401
60 0.0234520787991172
61 0.01223764683262271
62 0.027341543482400515
63 0.018181309083781735
64 0.031309583197481276
65 0.026784510449138252
66 0.06184690776425293
67 0.031506189868024385
68 0.015304901175767143
69 0.3046917950979317
6 0.04019253662062156
70 0.4863786179510774
71 0.3074463367809089
72 0.05564611397033942
73 0.012938701635017305
74 0.02976843966350936
75 0.023666220653074378
76 0.012371337841963493
77 0.03404702630186664
78 0.03836000521376402
79 0.01623607095328188
7 0.02301325704892721
80 0.020714487683744558
81 0.02005891323078087
82 0.28910878575373683
83 0.02521031534907872
84 0.027136875280695128
85 0.022424317157942686
86 0.015201644647866304
87 0.026241951146970727
88 0.017200290695217876
89 0.020722934155181873
8 0.0242742662093007
90 0.0224919985772718
91 0.4014883435418766
92 0.3977733148415061
93 0.024995199539111505
94 0.03262652295295947
95 0.028344488000315034
96 0.016626484896092763
97 0.01974841765813142
98 0.4560249993147305
99 0.31024222794455314
9 0.01834693434882242
