1 2.2348
2 2.2216
3 2.2413
4 2.2461
5 2.2494
6 2.2716000000000003
7 2.2466999999999997
8 2.2724
9 2.2683000000000004
10 2.2678000000000003
11 2.2302
12 2.2388999999999997
13 2.2546
14 2.2451
15 2.2355000000000005
16 2.2463
17 2.2436
18 2.2411
19 2.2403000000000004
20 2.2472000000000003
21 2.2227
22 2.2392
23 2.2251000000000003
24 2.2449000000000003
25 2.2546
26 2.2568
27 2.2473
28 2.4536
29 3.0522
30 3.0645
31 3.2535
32 3.2518000000000002
33 3.2525999999999997
34 3.2429
35 3.2340999999999993
36 3.2174
37 3.2213000000000003
38 3.2145
39 3.2032000000000003
40 3.2140999999999997
41 3.2146999999999997
42 3.2190999999999996
43 3.2149
44 3.2180999999999997
45 3.2190000000000003
46 3.215
47 3.222
48 3.2184999999999997
49 3.2186
50 3.2131000000000007
51 3.2118
52 3.2138999999999998
53 3.2188000000000003
54 3.2050999999999994
55 3.2258000000000004
56 3.2350000000000003
57 4.042
58 4.2293
59 4.2369
60 4.246
61 4.231199999999999
62 4.231199999999999
63 4.216200000000001
64 4.2389
65 4.2357
66 4.2616
67 4.2436
68 4.211600000000001
69 4.3431000000000015
70 4.7438
71 5.1285
72 5.2781
73 5.234299999999999
74 5.239199999999999
75 5.241899999999999
76 5.2275
77 5.2509999999999994
78 5.2719
79 5.228300000000001
80 5.270100000000001
81 5.2242
82 6.1471
83 6.248800000000001
84 6.2513
85 6.230500000000001
86 6.2329
87 6.247400000000001
88 6.2255
89 6.2396
90 6.2269000000000005
91 6.4369
92 7.037299999999999
93 7.234200000000001
94 7.242900000000001
95 7.234700000000001
96 7.2226
97 7.228
98 7.533999999999999
99 8.166400000000001
100 8.2214
101 8.2678
102 8.2612
103 9.076699999999999
104 9.2001
105 9.0756
106 9.246799999999999
107 9.253
108 9.243
109 9.451
110 10.0453
111 10.2484
112 10.2536
113 10.331700000000001
114 10.3427
115 11.250200000000001
116 11.2852
117 11.2627
118 11.251999999999999
119 11.834300000000002
120 12.1215
121 12.270300000000002
122 12.462900000000001
123 12.8496
124 13.1317
125 13.244
126 13.2423
127 13.537599999999998
128 14.1417
129 14.2225
130 14.544099999999997
131 15.424699999999998
132 15.439700000000002
133 15.326900000000004
134 15.241899999999998
135 16.377100000000002
136 16.7351
137 16.6305
138 17.1295
139 17.2377
140 17.5413
141 18.245200000000004
142 18.6462
143 21.928
144 22.255000000000003
145 22.716299999999997
146 23.240199999999998
147 23.855600000000003
148 24.365700000000004
149 24.357799999999997
150 24.935000000000002
