100 0.0014450399999999988
101 7.903599999999962E-4
102 2.9516000000000237E-4
103 0.1600350099999998
104 0.09668249
105 0.16185324
106 7.209599999999899E-4
107 1.6400000000000615E-4
108 3.07400000000001E-4
109 0.16963399999999995
10 8.265600000000019E-4
110 0.16729961000000015
111 7.752399999999915E-4
112 4.558399999999941E-4
113 0.08317760999999993
114 0.08483361000000005
115 5.917599999999921E-4
116 0.0011675599999999937
117 2.452099999999973E-4
118 0.0015230000000000233
119 0.2428756100000001
11 5.907600000000022E-4
120 0.08807724999999988
121 3.640099999999986E-4
122 0.1574208900000002
123 0.23497683999999994
124 0.09590901000000003
125 0.0010955999999999846
126 3.4440999999999443E-4
127 0.23150784000000008
128 0.09111120999999996
129 4.648499999999927E-4
12 6.020900000000013E-4
130 0.21689689000000004
131 0.15978300999999986
132 0.3594080100000005
133 0.09012709000000002
134 4.5508999999999914E-4
135 0.09049848999999996
136 0.4609996900000005
137 0.23625044999999992
138 0.09595464999999999
139 6.288099999999865E-4
13 9.978400000000055E-4
140 0.20989621
141 7.195600000000048E-4
142 0.2430653600000002
143 0.2198375999999997
144 8.844000000000224E-4
145 0.2363308100000002
146 6.207600000000086E-4
147 0.8213322399999996
148 0.08512741000000032
149 0.09820755999999972
14 5.9729E-4
150 0.20789180000000035
15 5.024500000000018E-4
16 6.706100000000005E-4
17 6.488400000000001E-4
18 8.836899999999963E-4
19 0.0011426100000000064
1 5.70959999999999E-4
20 8.651600000000046E-4
21 6.416100000000011E-4
22 5.645600000000008E-4
23 2.788900000000008E-4
24 4.938900000000005E-4
25 0.00104344
26 8.231600000000002E-4
27 3.896099999999999E-4
28 0.16188343999999993
29 0.17132895999999995
2 3.842399999999995E-4
30 0.17661965
31 6.274500000000002E-4
32 8.507600000000023E-4
33 8.798400000000007E-4
34 7.844900000000034E-4
35 8.4729E-4
36 6.566400000000013E-4
37 5.016100000000027E-4
38 7.080500000000028E-4
39 3.7495999999999797E-4
3 7.142100000000002E-4
40 2.1669E-4
41 4.120100000000001E-4
42 5.442899999999978E-4
43 3.2808999999999746E-4
44 3.934900000000017E-4
45 1.1819999999999948E-4
46 1.3680000000000034E-4
47 3.7640000000000037E-4
48 6.37050000000002E-4
49 2.3184000000000225E-4
4 2.420900000000011E-4
50 4.496899999999978E-4
51 2.729599999999995E-4
52 3.540899999999997E-4
53 7.073599999999999E-4
54 4.720899999999994E-4
55 6.009599999999991E-4
56 8.884000000000019E-4
57 0.15258039999999998
58 3.89610000000002E-4
59 2.73889999999996E-4
5 3.2203999999999984E-4
60 5.500000000000025E-4
61 1.4976000000000065E-4
62 7.47559999999998E-4
63 3.3056000000000426E-4
64 9.802900000000017E-4
65 7.174099999999962E-4
66 0.0038250400000000096
67 9.926400000000025E-4
68 2.3423999999999846E-4
69 0.09283708999999998
6 0.0016154400000000055
70 0.23656416000000013
71 0.09452325000000003
72 0.003096490000000004
73 1.6740999999999946E-4
74 8.861599999999972E-4
75 5.600900000000042E-4
76 1.5304999999999795E-4
77 0.0011591999999999987
78 0.001471490000000003
79 2.636100000000036E-4
7 5.296099999999979E-4
80 4.290900000000049E-4
81 4.0235999999999587E-4
82 0.08358389000000009
83 6.355599999999941E-4
84 7.364100000000022E-4
85 5.028500000000027E-4
86 2.3109000000000223E-4
87 6.886399999999982E-4
88 2.958499999999987E-4
89 4.294400000000035E-4
8 5.892399999999978E-4
90 5.058899999999967E-4
91 0.16119288999999995
92 0.15822360999999993
93 6.247599999999999E-4
94 0.0010644899999999915
95 8.03410000000003E-4
96 2.7644000000000073E-4
97 3.89999999999997E-4
98 0.20795879999999997
99 0.09625024000000007
9 3.3660999999999994E-4
