<<<<<<< HEAD
1 2.264878391 2.259415258 2.216970600 2.218294751 2.250372032 
4 2.273658898 2.260783752 2.250125909 2.222123213 2.689777344
10 2.299196636 2.288647950 2.244913679 2.240384009 2.221972162
15 2.241390785 2.247293958 2.225778058 2.296470601 2.239297912
20 2.286819902 2.225572977 2.251872859 2.236772600 2.302646300
50 3.235299797 3.225593996 3.244478591 3.272904276 3.208782044
75 5.245735772 5.257417262 5.221621028 5.256659549 5.309028454
100 8.257191666 8.287397084 8.303594236 8.242459706 8.263618657
125 13.254985878 14.232186211 13.258900740 13.231016508 13.222956178
150 25.267231006 25.286396855 24.375704246 24.256257656 25.223262990
175 38.328234771 38.327597719 38.280488218 41.284667271 38.272743006
200 51.241770233 50.279552861 51.321685938 50.302832139 51.260480865
250 96.332257674 100.321218126 96.298884801 99.343802472 96.302189780
300 170.311766451 165.356754830 163.325006873 164.328461085 165.340315652  
500 897.622112808 
=======
1 2.264878391 2.259415258 2.216970600 2.218294751
4 2.273658898 2.260783752 2.250125909 2.222123213 
10 2.299196636 2.288647950 2.244913679 2.240384009
15 2.241390785 2.247293958 2.225778058 2.296470601
20 2.286819902 2.225572977 2.251872859 2.236772600 
50 3.235299797 3.225593996 3.244478591 3.272904276 
75 5.245735772 5.257417262 5.221621028 5.256659549
100 8.257191666 8.287397084 8.303594236 8.242459706
125 13.254985878 14.232186211 13.258900740 13.231016508
150 25.267231006 25.286396855 24.375704246 24.256257656
175 38.328234771 38.327597719 38.280488218 41.284667271
200 51.241770233 50.279552861 51.321685938 50.302832139 
250 96.332257674 100.321218126 96.298884801 99.343802472 
300 170.311766451 165.356754830 163.325006873 164.328461085 
500 897.622112808 897.622112808 897.622112808 897.622112808
>>>>>>> 813f6d607b6a3444bb5e0789144d703a7cee7fe5
