1 2.322316828 2.207016788 2.203309656 2.206065701 2.227241185 
4 2.204664380 2.207366892 2.269872631 2.236602789 2.262778759 
10 2.219162466 2.267809441 2.210287640 2.223152489 2.205295989
15 2.227197200 2.245458017 2.226898013 2.231901641 2.239231600 
20 3.269894202 3.222436237 3.236488274 3.238584815 3.240782102
50 8.224120721 8.253147021 8.249162112 8.240887686 8.223495604
75 20.263253884 20.224345790 19.2752763484 20.227343754 19.228458475
100 42.238571252 42.243754310 42.28475102 42.234270533 42.300966728 
125 79.319977719 79.271591598 79.251026867 80.265319929 80.289729154
150 136.339225878 135.274692934 135.305788421 136.295028530 134.316089822
175 213.351718835 214.382151965 212.368470842 212.388227366 212.395759445 
200 339.446308924 355.454695784 359.571203531 318.456676677 318.496462593
