1 0.06690807126199347
2 0.07228699744767385
3 0.056265086865657614
4 0.06899449253382477
5 0.043158429072430365
6 0.029983495460002695
7 0.06640037650495663
8 0.06702245892236416
9 0.047352402262187364
10 0.07541591344006911
11 0.055849798567228534
12 0.0731347386677494
13 0.04950999899010301
14 0.0396768194289815
15 0.04937256323100924
16 0.044631379095878256
17 0.05834175177349405
18 0.05832700918099605
19 0.2906647725473452
20 0.38041272323622405
21 0.07097746121128871
22 0.06106234518915895
23 0.04801208181281047
24 0.059485796624068166
25 0.05965475672567942
26 0.30923009232608656
27 0.05952344076076243
28 0.03543105982044574
29 0.046001739097560224
30 0.27541897175031343
31 0.31969624645904116
32 0.0667883971959202
33 0.05390556557536524
34 0.052440537754679835
35 0.37264649468363453
36 0.062410015221917706
37 0.48171713691750667
38 0.331429404247722
39 0.42988212337802567
40 0.4846714763631133
41 0.36747937357081695
42 0.2628079907460958
43 0.37926692447404375
44 0.3167839800242431
45 0.4737692370764484
46 0.4847956373566083
47 0.5277354356114434
48 0.4075792070260699
49 0.4139615441076622
50 0.40263344371773196
51 0.46998336140761415
52 0.3855056938619713
53 0.31715171448377827
54 0.0718348105029866
55 0.07566108643153367
56 0.06316676341241494
57 0.3085648878275039
58 0.06658235501993007
59 0.04344697918152644
60 0.05437241947899677
61 0.3253763359557667
62 0.07849235631575863
63 0.38350052151203134
64 0.4074574947157065
65 0.498497632893076
66 0.048114550813657245
67 0.2758757147702565
68 0.3790192739162482
69 0.06668470589273086
70 0.0613289491186667
71 0.04247399204218976
72 0.300736778595502
73 0.04226061996705679
74 0.060873968163739765
75 0.055233051699141215
76 0.05190375708944402
77 0.07764798773954154
78 0.05253960410966192
79 0.04382567740491864
80 0.05888667081776661
81 0.055548267299709735
82 0.33942716449924853
83 0.06776938836967614
84 0.35188373079754615
85 0.3753656350813163
86 0.4568779815224191
87 0.3254238620630024
88 0.5042295508991911
89 0.466398799312348
90 0.04202487358696017
91 0.46880534339958213
92 0.504025991393301
93 0.4591792242686944
94 0.4263998241087816
95 0.059834438244208574
96 0.05362051846075335
97 0.054584704817375256
98 0.047025524983778634
99 0.3042046022005584
100 0.07086578864304001
101 0.06326136261573867
102 0.06875034545367757
103 0.4313571142336704
104 0.37405502269051294
105 0.2702476641897208
106 0.300191871975242
107 0.03855074577748128
108 0.06930252520651735
109 0.0651522064092995
110 0.3180212099844914
111 0.07346625075502361
112 0.2889149528840623
113 0.049381778015782536
114 0.0395272058208011
115 0.332239085599512
116 0.7008070276474118
117 0.7471476694737127
118 0.5024938208575307
119 0.47135410255984844
120 0.3022067007860676
121 0.08082382074611384
122 0.10506193411507313
123 0.057241593269230485
124 0.03360669576141036
125 0.06383071361029903
126 0.33716911187117937
127 0.04274622790375784
128 0.07628794138001112
129 0.045365625753427063
130 0.07073902741768494
131 0.05232207946937923
132 0.6504896694029814
133 0.09277930803794551
134 0.497441252812832
135 0.2889217887249076
136 0.31117951410721084
137 0.4872160095891761
138 0.44206792464507094
139 0.5012022446079027
140 0.41375597880876624
141 0.5270247527393755
142 0.5280670885408408
143 0.3247977986378601
144 0.04557861340585081
145 0.06411052955638422
146 0.08729725081581916
147 0.33464490135067043
148 0.37680838631856384
149 0.5398801811513362
150 0.290028360682192
