100 7.5852
101 7.598000000000001
102 7.5893
103 7.7787999999999995
104 7.805200000000001
105 8.503000000000002
106 8.4988
107 8.5978
108 8.573599999999999
109 8.5973
10 3.5208
110 8.709099999999998
111 8.5519
112 8.717500000000001
113 8.6172
114 8.565999999999999
115 8.678300000000002
116 9.7011
117 9.567400000000001
118 10.1066
119 9.9789
11 3.563
120 10.4901
121 10.5869
122 10.572700000000001
123 10.565000000000001
124 10.5703
125 10.6298
126 10.718699999999998
127 11.6206
128 11.575500000000002
129 11.570599999999999
12 3.5469
130 11.5823
131 11.586000000000002
132 11.785699999999997
133 11.584999999999999
134 11.989999999999998
135 12.474
136 12.6871
137 13.105400000000003
138 12.7835
139 13.201100000000002
13 3.5315999999999996
140 13.394299999999998
141 13.507899999999998
142 14.110499999999998
143 14.534299999999998
144 14.6127
145 14.645199999999999
146 14.6303
147 14.7203
148 14.8042
149 15.5607
14 3.5445
150 15.738499999999998
15 3.5405
16 3.5192
17 3.5662
18 3.5406
19 3.6623000000000006
1 3.5201000000000002
20 3.7304000000000004
21 3.5769999999999995
22 3.5467000000000004
23 3.5302
24 3.5598
25 3.5681000000000003
26 3.6335
27 3.5406
28 3.5181999999999993
29 3.5182
2 3.5423
30 3.6153
31 3.6529
32 3.5321000000000007
33 3.5757000000000003
34 3.5683
35 3.7086999999999994
36 3.5857000000000006
37 3.87
38 3.6354999999999995
39 3.7736000000000005
3 3.5368000000000004
40 3.8855999999999993
41 3.7710999999999997
42 3.6726
43 3.8089999999999997
44 3.7079
45 4.0101
46 4.1043
47 4.0428999999999995
48 4.326700000000001
49 4.3412
4 3.5143999999999997
50 4.3161000000000005
51 4.522799999999999
52 4.7324
53 4.6333
54 4.5886000000000005
55 4.601999999999999
56 4.615600000000001
57 4.6521
58 4.5457
59 4.5526
5 3.5454999999999997
60 4.5412
61 4.6798
62 4.5675
63 4.770499999999999
64 4.8147
65 5.2001
66 5.5627
67 5.4343
68 5.353299999999999
69 5.557499999999999
6 3.5003
70 5.5156
71 5.538600000000001
72 5.645299999999999
73 5.5722000000000005
74 5.564399999999999
75 5.5351
76 5.561000000000001
77 5.518300000000001
78 5.555300000000001
79 5.5779000000000005
7 3.5177
80 5.5364
81 5.635299999999999
82 5.692
83 5.5811
84 5.6338
85 5.7752
86 5.886100000000001
87 5.657100000000001
88 6.168400000000001
89 6.575399999999999
8 3.5457
90 6.540100000000001
91 6.8595
92 7.064
93 7.277800000000001
94 7.409700000000001
95 7.630199999999999
96 7.6242
97 7.586899999999998
98 7.599000000000001
99 7.7665999999999995
9 3.5415
