100 0.005021960000000018
101 0.004001999999999979
102 0.004726610000000004
103 0.18606895999999978
104 0.13991716000000015
105 0.07303380000000011
106 0.09011516000000007
107 0.0014861599999999905
108 0.004802839999999973
109 0.004244809999999968
10 0.005687559999999997
110 0.10113748999999997
111 0.005397290000000007
112 0.08347184999999994
113 0.0024385600000000236
114 0.0015623999999999727
115 0.11038280999999986
116 0.4911304900000001
117 0.5582296400000002
118 0.2525000400000002
119 0.22217469000000012
11 0.0031192000000000025
120 0.0913288899999998
121 0.006532489999999941
122 0.011038009999999968
123 0.0032766000000000127
124 0.0011294099999999967
125 0.004074360000000014
126 0.11368300999999988
127 0.001827240000000005
128 0.0058198500000000136
129 0.002058040000000005
12 0.0053486900000000006
130 0.005004009999999981
131 0.0027376000000000358
132 0.4231368099999999
133 0.00860799999999998
134 0.24744779999999986
135 0.08347580000000013
136 0.09683268999999982
137 0.23737944000000014
138 0.1954240500000001
139 0.25120369
13 0.0024512400000000017
140 0.17119401000000023
141 0.27775509
142 0.27885485000000027
143 0.10549360999999993
144 0.002077410000000003
145 0.004110160000000014
146 0.007620810000000039
147 0.11198720999999993
148 0.14198456000000004
149 0.2914706099999996
14 0.0015742500000000038
150 0.08411644999999968
15 0.0024376500000000056
16 0.001991959999999999
17 0.003403759999999996
18 0.0034020399999999972
19 0.08448600999999992
1 0.004476689999999996
20 0.14471384
21 0.005037799999999994
22 0.003728610000000003
23 0.0023051600000000057
24 0.0035385599999999996
25 0.003558689999999994
26 0.09562325
27 0.003543039999999994
28 0.0012553600000000044
29 0.002116160000000001
2 0.005225410000000005
30 0.07585560999999996
31 0.10220568999999999
32 0.004460690000000001
33 0.0029058100000000017
34 0.0027500100000000015
35 0.13886541000000005
36 0.00389501
37 0.23205139999999988
38 0.10984544999999993
39 0.1847986400000001
3 0.0031657599999999966
40 0.2349064399999999
41 0.13504109000000003
42 0.06906803999999998
43 0.1438434
44 0.10035209000000005
45 0.22445729
46 0.23502681000000006
47 0.27850469
48 0.16612080999999995
49 0.17136415999999996
4 0.004760240000000001
50 0.16211369000000003
51 0.22088436000000006
52 0.14861463999999996
53 0.10058521000000002
54 0.005160239999999994
55 0.0057246000000000085
56 0.003990040000000002
57 0.09521229000000006
58 0.004433210000000006
59 0.001887639999999992
5 0.0018626500000000026
60 0.0029563599999999873
61 0.10586975999999995
62 0.006161050000000013
63 0.14707265
64 0.16602161000000001
65 0.24849989
66 0.002315010000000005
67 0.07610740999999994
68 0.14365560999999996
69 0.0044468500000000135
6 8.990100000000022E-4
70 0.0037612400000000094
71 0.0018040399999999992
72 0.09044260999999999
73 0.001785959999999999
74 0.0037056400000000022
75 0.003050690000000006
76 0.0026940000000000106
77 0.006029209999999994
78 0.002760410000000004
79 0.0019206899999999964
7 0.004409009999999996
80 0.0034676400000000058
81 0.0030856100000000017
82 0.11521079999999992
83 0.004592689999999995
84 0.12382215999999995
85 0.14089935999999992
86 0.20873748999999994
87 0.10590068999999999
88 0.25424743999999994
89 0.2175278399999999
8 0.0044920099999999925
90 0.001766089999999983
91 0.21977845000000013
92 0.2540421999999999
93 0.21084555999999996
94 0.18181680999999988
95 0.0035801600000000093
96 0.0028751599999999908
97 0.0029794899999999896
98 0.0022113999999999884
99 0.09254043999999997
9 0.002242250000000007
