100 0.4200820038992389
101 0.4181572072797501
102 0.47040392217752597
103 0.44597534685226625
104 0.6461892988900382
105 0.4044838686523851
106 0.5258720471749759
107 0.0352342163244771
108 0.296227429519955
109 0.6238599522328713
10 0.05340000000000002
110 0.49347972602732165
111 0.6488937047005472
112 0.6802999999999996
113 0.8177429669523301
114 0.862071696554294
115 0.9858131871708751
116 0.6069383906130844
117 0.6565982104757833
118 1.8250839542333401
119 3.131977809627649
11 0.03154045021872708
120 0.6933717329110001
121 0.8437199831697711
122 0.7111577602754531
123 0.7587704791305475
124 0.8294707710341559
125 0.509181588433833
126 0.497213525560197
127 0.702249499821824
128 0.6721516272389731
129 0.894610356524
12 0.01726875791711726
130 1.038694565307817
131 0.7440496287210966
132 0.6676644441633846
133 0.7095559808781834
134 0.6767646267351753
135 0.9978421768997356
136 1.0310902045892951
137 0.8791974806606306
138 0.9868816342398916
139 1.1871308436730992
13 0.046978292859574985
140 0.9380305378824317
141 0.6702506695259615
142 0.9078107512031327
143 0.9317427166337292
144 0.9054687404874875
145 1.0758974114663549
146 0.632635669244155
147 0.6539512290683468
148 0.95434935427232
149 0.8678774164592599
14 0.025959391364205768
150 0.8230590562043576
15 0.027480902459708235
16 0.4571201264438046
17 0.03486846713005893
18 0.025881460546113007
19 0.029455729493597652
1 0.03658975266382645
20 0.037554760017872606
21 0.048298654225557854
22 0.023199137915017393
23 0.039515186953878886
24 0.055043709904039
25 0.03179072191693667
26 0.02230448385414916
27 0.3002488967506793
28 0.5030146021737341
29 0.0457253758869187
2 0.04382008671830763
30 0.033975873793031394
31 0.0345289733412392
32 0.028440991543896624
33 0.051670978314717286
34 0.05349242937089337
35 0.39396669910031745
36 0.40219368468438194
37 0.033337066457623375
38 0.03898666438668494
39 0.04283409856644584
3 0.039892856503389154
40 0.025284184780213867
41 0.49524730186039373
42 0.03790989316787903
43 0.03481436485130801
44 0.0322746030184725
45 0.029706733243492184
46 0.06993489829834605
47 0.02452937015090277
48 0.030493277947770785
49 0.30624983265301536
4 0.02858740981621109
50 0.023673825208444698
51 0.0374193800055534
52 0.456825229163189
53 0.02862673575523421
54 0.41906343195272966
55 0.48394116377923463
56 0.04461569230663141
57 0.4635327388653362
58 0.03398175981317032
59 0.025200992043965396
5 0.022547948908936265
60 0.2858000000000001
61 0.029533709553660765
62 0.3198158219975991
63 0.03690257443593879
64 0.5014744759207596
65 0.032732247096708654
66 0.4883776817177459
67 0.028013568141170224
68 0.0399354479128506
69 0.029682317968784098
6 0.01979393846610626
70 0.31253031852925917
71 0.30355001235381274
72 0.036334006109978625
73 0.41126711514537617
74 0.02782534815595315
75 0.3053660753914877
76 0.04370640685300018
77 0.04354181897900054
78 0.4750698895952049
79 0.4731962489284968
7 0.0410756618936324
80 0.030925879130591995
81 0.4489414772551102
82 0.46356834447576284
83 0.5023224960122725
84 0.40019190396608484
85 0.48091048023514743
86 0.3874684632328161
87 0.02359766937644437
88 0.44773782507177123
89 0.455086189638842
8 0.037451435219494615
90 0.497889596195783
91 0.4515755639978771
92 0.41128390437749984
93 0.47675013371786323
94 0.46103965122318963
95 0.47330287343306965
96 0.3101613289886413
97 0.4016670885198342
98 0.4649278331096128
99 0.49324578051920565
9 0.031193589084938567
