100 42.46509999999999
101 44.06349999999999
102 44.978500000000004
103 46.60530000000001
104 47.87670000000001
105 50.493
106 52.216300000000004
107 53.2845
108 54.193099999999994
109 56.018600000000006
10 2.2758
110 56.8694
111 57.561400000000006
112 58.8039
113 60.689800000000005
114 62.493700000000004
115 63.48159999999999
116 65.0847
117 66.69969999999999
118 68.99340000000002
119 70.8263
11 2.2700000000000005
120 72.2042
121 73.3863
122 75.1738
123 77.1034
124 79.4022
125 81.5789
126 81.9045
127 84.16879999999999
128 86.7987
129 88.90709999999999
12 2.2563000000000004
130 90.42200000000001
131 92.09949999999999
132 94.7163
133 96.4081
134 98.7988
135 100.3147
136 102.71170000000002
137 105.1123
138 108.11580000000001
139 109.33840000000001
13 2.2752000000000003
140 111.7289
141 114.7992
142 116.32419999999999
143 119.83989999999999
144 121.84859999999999
145 124.54139999999998
146 127.6269
147 130.8297
148 132.23690000000002
149 134.5147
14 2.2479
150 137.94070000000002
15 2.255
16 2.5427000000000004
17 3.2487000000000004
18 3.2545
19 3.2626
1 2.2807
20 3.2572
21 3.2928000000000006
22 3.2659999999999996
23 3.277499999999999
24 3.3007000000000004
25 3.2745000000000006
26 3.2631
27 3.372
28 3.7899000000000003
29 4.299300000000001
2 2.271
30 4.3072
31 4.2715
32 4.2829
33 4.3061
34 4.2954
35 4.505799999999999
36 5.1028
37 5.320199999999999
38 5.3258
39 5.296200000000001
3 2.2805999999999997
40 5.2851
41 5.695100000000001
42 6.2602
43 6.2796
44 6.2844999999999995
45 6.262900000000001
46 7.2899
47 7.267100000000001
48 7.282400000000001
49 8.1712
4 2.2576000000000005
50 8.2745
51 8.2783
52 8.974900000000002
53 9.2589
54 9.4922
55 9.662499999999998
56 10.264800000000001
57 10.57
58 11.2902
59 11.2749
5 2.2507
60 12.191400000000002
61 12.290400000000002
62 13.2092
63 13.289999999999997
64 13.7835
65 14.270999999999997
66 14.6668
67 15.267199999999999
68 15.2554
69 16.2486
6 2.248
70 17.184
71 17.374299999999998
72 18.291200000000003
73 18.4696
74 19.2825
75 20.202399999999997
76 20.305500000000002
77 21.2729
78 21.876
79 22.547099999999997
7 2.2907
80 23.2723
81 23.9695
82 24.968700000000002
83 25.660900000000005
84 26.4798
85 27.7081
86 28.4683
87 29.2515
88 30.251200000000004
89 30.9584
8 2.2596999999999996
90 31.857499999999998
91 32.547900000000006
92 34.0645
93 34.700900000000004
94 35.964800000000004
95 36.978300000000004
96 38.1575
97 39.4455
98 40.581900000000005
99 41.777
9 2.2534
