100 0.17646889000000016
101 0.17485544999999986
102 0.2212798499999999
103 0.1988940099999992
104 0.41756060999999906
105 0.16360719999999995
106 0.27654141000000015
107 0.0012414500000000482
108 0.08775068999999992
109 0.3892012400000004
10 0.002851560000000002
110 0.24352224000000042
111 0.421063040000001
112 0.46280808999999945
113 0.6687035599999995
114 0.7431676099999989
115 0.9718276399999987
116 0.36837421000000103
117 0.4311212100000009
118 3.330931440000005
119 9.809285000000006
11 9.948000000000012E-4
120 0.4807643600000032
121 0.7118634099999989
122 0.5057453599999988
123 0.5757326400000007
124 0.688021759999997
125 0.25926589000000133
126 0.24722129000000068
127 0.493154360000002
128 0.45178780999999957
129 0.8003276899999984
12 2.982100000000001E-4
130 1.078886399999995
131 0.5536098500000016
132 0.4457758100000012
133 0.503469690000001
134 0.45801036000000117
135 0.9956890100000034
136 1.0631470099999945
137 0.77298821
138 0.9739353599999993
139 1.4092796400000045
13 0.0022069599999999944
140 0.8799012900000042
141 0.4492359599999996
142 0.8241203599999961
143 0.8681444900000017
144 0.819873639999997
145 1.1575552400000029
146 0.4002278899999999
147 0.42765221000000136
148 0.9107826899999942
149 0.7532112099999996
14 6.73890000000001E-4
150 0.6774262100000078
15 7.551999999999982E-4
16 0.20895880999999994
17 0.00121581
18 6.698500000000042E-4
19 8.676399999999985E-4
1 0.0013388099999999945
20 0.001410360000000003
21 0.0023327599999999975
22 5.381999999999976E-4
23 0.00156145
24 0.003029810000000001
25 0.001010649999999998
26 4.974900000000006E-4
27 0.09014940000000007
28 0.2530236899999999
29 0.002090810000000006
2 0.0019202000000000008
30 0.0011543599999999975
31 0.0011922500000000073
32 8.088899999999993E-4
33 0.002669889999999984
34 0.002861440000000016
35 0.15520976000000009
36 0.16175976000000006
37 0.0011113599999999977
38 0.0015199600000000077
39 0.0018347599999999978
3 0.0015914399999999984
40 6.392899999999985E-4
41 0.24526988999999993
42 0.0014371600000000013
43 0.0012120399999999908
44 0.0010416499999999942
45 8.824900000000037E-4
46 0.0048908900000000045
47 6.016899999999998E-4
48 9.29840000000004E-4
49 0.09378895999999992
4 8.172400000000021E-4
50 5.604499999999916E-4
51 0.0014002100000000096
52 0.20868929000000014
53 8.194900000000046E-4
54 0.1756141600000001
55 0.23419905000000002
56 0.0019905600000000093
57 0.21486259999999996
58 0.0011547599999999977
59 6.350900000000072E-4
5 5.084100000000002E-4
60 0.08168164000000006
61 8.722399999999932E-4
62 0.10228216000000001
63 0.0013618000000000033
64 0.2514766500000004
65 0.001071399999999992
66 0.23851275999999996
67 7.847599999999874E-4
68 0.0015948400000000032
69 8.810400000000033E-4
6 3.918000000000012E-4
70 0.09767520000000021
71 0.09214260999999987
72 0.001320159999999964
73 0.16914064000000012
74 7.742500000000054E-4
75 0.09324843999999974
76 0.0019102499999999814
77 0.0018958900000000522
78 0.22569140000000018
79 0.22391468999999992
7 0.0016872100000000045
80 9.564099999999855E-4
81 0.2015484500000006
82 0.21489560999999954
83 0.25232788999999956
84 0.16015356000000006
85 0.23127489000000012
86 0.15013181000000014
87 5.568499999999805E-4
88 0.20046916
89 0.20710344000000008
8 0.0014026100000000016
90 0.24789404999999984
91 0.20392049000000084
92 0.16915445000000046
93 0.22729069000000046
94 0.21255756000000034
95 0.22401561000000036
96 0.09620005000000019
97 0.1613364500000003
98 0.21615788999999994
99 0.24329140000000038
9 9.730399999999986E-4
