1 2.161333178 2.463307498 2.324653994
2 2.769735583 2.545648884 2.446737677
3 2.535977372 2.404372639 3.473083647
4 2.572856049 3.594087838 3.392880789
5 3.246222980 3.471756902 3.416262104
7 3.318929484 3.691577305 3.836508339
10 4.233552605 4.445258676 4.449416584
15 4.552212264 5.547078129 4.479564082
20 5.594129718 6.382588646 5.568577652
25 6.539424021 7.452671620 7.440070962
30 7.493832329 8.565076871 8.550130882
40 11.335089061 11.542779947 11.578528842
50 15.450493920 15.591702360 15.530293021
75 35.373439935
100 56.400436372
150 132.461435492
200 250.867913737
250 426.883064087
350 928.331136246
450 
600 
750 
1000 
1200 
1500 
1800 
2100 
2500 
3000 
3500 
4000 
5000 
6000 
7000 
8500 
10000 
