taille_mat ; moy ; variance  ; ecart_tye
1;2.3164315566666667;0.015231885894427344;0.12341752669060964
2;2.5873740479999996;0.01825843586881092;0.13512377980507695
3;2.8044778859999995;0.22640346611252818;0.47581873241028266
4;3.1866082253333334;0.19509324640483303;0.44169361146028935
5;3.378080662;0.00920650291871668;0.0959505232852676
7;3.615671709333333;0.04752880825060759;0.21801102781879542
10;4.376075955;0.010159334014100657;0.1007935216871633
15;4.859618158333333;0.2371802320258248;0.4870115317174993
20;5.848432005333334;0.1427704763969608;0.37784980666524204
25;7.144055534333333;0.1828160962215505;0.4275699898514283
30;8.203013360666667;0.25150609826909687;0.5015038367441438
40;11.48546595;0.011519601621612731;0.10732940706820629
50;15.524163100333332;0.003342091884895406;0.05781082843979496
75;22.165145105333334;87.23015467151902;9.339708489643508
100;29.17414391766667;370.6361289222636;19.2519123445507
150;54.527810291;3036.8255970027894;55.10740056474075
200;93.99663637266666;12304.29945947662;110.92474683079796
250;152.668353156;37596.85447400377;193.8990832211534
350;319.8177105423334;185144.29525932376;430.2839704884714
450;319.8177105423334;185144.29525932376;430.2839704884714
600;319.8177105423334;185144.29525932376;430.2839704884714
750;319.8177105423334;185144.29525932376;430.2839704884714
1000;319.8177105423334;185144.29525932376;430.2839704884714
1200;319.8177105423334;185144.29525932376;430.2839704884714
1500;319.8177105423334;185144.29525932376;430.2839704884714
1800;319.8177105423334;185144.29525932376;430.2839704884714
2100;319.8177105423334;185144.29525932376;430.2839704884714
2500;319.8177105423334;185144.29525932376;430.2839704884714
3000;319.8177105423334;185144.29525932376;430.2839704884714
3500;319.8177105423334;185144.29525932376;430.2839704884714
4000;319.8177105423334;185144.29525932376;430.2839704884714
5000;319.8177105423334;185144.29525932376;430.2839704884714
6000;319.8177105423334;185144.29525932376;430.2839704884714
7000;319.8177105423334;185144.29525932376;430.2839704884714
8500;319.8177105423334;185144.29525932376;430.2839704884714
10000;319.8177105423334;185144.29525932376;430.2839704884714
