100 1.5716248439115472
101 0.7897677443400668
102 1.0210717898365402
103 1.7101024793853727
104 0.6579432802301447
105 1.1759500201964364
106 1.0895036530457345
107 0.8208604266256225
108 1.8396914116231586
109 0.666936008924393
10 0.27178292808784005
110 8.138636559645601
111 10.286666912076038
112 8.275403746041642
113 6.744295789035352
114 12.667706136471592
115 11.853451963457731
116 12.374639007259969
117 12.806927124021593
118 2.6509513084928575
119 14.079432804271631
11 0.04698467835369307
120 0.8777982911808375
121 10.951214343624175
122 4.996230524105148
123 5.5134104109888264
124 8.105193316016594
125 1.9763866524544218
126 2.6224523179650006
127 5.764134992347074
128 10.336920857295954
129 3.093515425854537
12 0.09879291472570283
130 1.7761826173003692
131 2.8251572009359047
13 0.034565300519451565
14 0.08145452719155634
150 2.032261804000652
15 0.0744368188465896
16 0.06601431662904644
17 0.49444313120924227
18 0.5003287819024606
19 0.4503240610937861
1 0.0507744029999369
20 0.3072916529943499
21 0.45836618548928765
22 0.08554414065264783
23 0.04538512972329147
24 0.0363257484437692
25 0.06352039042701159
26 0.07460321708880939
27 0.2927866117157681
28 0.07704031412189333
29 0.07811024260620371
2 0.056948748888803545
30 0.7628021761898691
31 0.4273465689577956
32 0.06180485417829245
33 0.06954164220091437
34 0.060814554179077794
35 0.39726711416879223
36 0.6599179949054275
37 0.3143107379648362
38 0.06745524442176448
39 0.06223061947305336
3 0.04662885372813703
40 0.2796748111646811
41 0.050875239557175364
42 0.3023422563916598
43 0.2945048216922772
44 0.32700880722084547
45 0.0886507755183225
46 0.30634784151353195
47 0.7087891717570185
48 0.32111281506660583
49 0.4473670081711437
4 0.043472865099967783
50 0.395598483313574
51 0.4094887177932986
52 0.3130387995121375
53 0.42885176926299345
54 0.661032139914543
55 0.312098846521419
56 0.3314388178834821
57 0.6215309807242114
58 0.3069172689830272
59 0.49757854656325357
5 0.052536558699633154
60 0.30390243500176134
61 0.5260260544877983
62 0.5313209576141338
63 0.06277300375161239
64 0.5016563465162183
65 0.4626217569462121
66 0.06431174076325459
67 0.30997483768848044
68 0.45980657890030324
69 0.573168945425343
6 0.057250414845658584
70 0.8932054914743875
71 0.2947299781155621
72 0.5186160043808904
73 0.6390840398570437
74 0.5221534640314085
75 0.654608287451357
76 0.6839928654598681
77 0.5804642624658293
78 0.6176522970086002
79 0.47259818027580197
7 0.051736254213075664
80 0.6903741304539167
81 0.6705112676159883
82 0.9620833072036957
83 0.6642370736416325
84 0.9473473755703335
85 0.9175217490610246
86 0.9207698355180843
87 0.502027698439038
88 0.6550056869982128
89 0.9690726701336705
8 0.05676874139876631
90 0.9474988390494219
91 0.6212390522174218
92 0.8972998606931798
93 0.9041165245697058
94 0.8671494738509608
95 1.0712255084714886
96 1.4027552744509633
97 1.2387927187386913
98 0.8951953976646658
99 0.9250330588687095
9 0.06279339137202254
