1 3.5884
2 3.5832
3 3.5345
4 3.5529
5 3.5121
6 3.5233000000000003
7 3.5374000000000003
8 3.5469
9 3.5256999999999996
10 3.6478
11 3.5467999999999997
12 3.5484
13 3.5402
14 3.5664000000000002
15 3.6133999999999995
16 3.592900000000001
17 3.9522999999999997
18 4.0491
19 4.5122
20 4.702800000000001
21 5.2812
22 5.606
23 5.5613
24 5.5688
25 5.528599999999999
26 5.5954
27 5.697000000000001
28 5.5607
29 5.5677
30 6.799200000000001
31 7.387899999999999
32 7.6084000000000005
33 7.577600000000001
34 7.565299999999999
35 7.773200000000001
36 8.2818
37 8.704600000000001
38 9.5843
39 9.5685
40 9.648
41 10.580900000000002
42 10.656600000000001
43 11.4419
44 12.4832
45 12.5532
46 12.652000000000001
47 13.430100000000001
48 14.468399999999999
49 14.866400000000002
50 15.769200000000001
51 16.3613
52 17.521899999999995
53 17.7794
54 19.0319
55 19.649099999999997
56 20.6889
57 21.291199999999996
58 22.439299999999996
59 23.153700000000004
60 24.458100000000005
61 25.100700000000003
62 26.001200000000004
63 27.5725
64 28.144899999999996
65 29.869899999999994
66 30.601999999999997
67 32.589999999999996
68 33.2261
69 34.486599999999996
70 36.2375
71 37.7202
72 39.579800000000006
73 40.3147
74 42.2014
75 44.0277
76 44.934400000000004
77 46.44720000000001
78 48.8968
79 50.383599999999994
80 52.0484
81 53.7668
82 55.2799
83 56.9861
84 59.0395
85 61.44780000000001
86 63.04010000000001
87 65.0407
88 67.3385
89 69.2596
90 71.51849999999999
91 73.8838
92 75.91440000000001
93 77.83610000000002
94 80.8007
95 83.50490000000002
96 85.81620000000001
97 88.12700000000001
98 91.23299999999999
99 93.19120000000001
100 96.4865
101 99.0289
102 102.143
103 104.42109999999998
104 108.17579999999998
105 110.59750000000001
106 113.85369999999998
107 116.61760000000001
108 120.39910000000002
109 125.36960000000002
110 131.46250000000003
111 140.6962
112 144.16320000000002
113 145.08610000000002
114 156.99579999999997
115 153.6765
116 163.79979999999998
117 158.9252
118 155.52939999999998
119 166.59890000000001
120 163.3236
121 175.879
122 173.0835
123 177.7932
124 183.1769
125 185.20800000000003
126 188.49779999999998
127 192.11669999999998
128 207.0513
129 204.2249
130 209.7951
131 213.07229999999998
150 322.1436
