1 0.002578040000000001
2 0.003243160000000003
3 0.0021742499999999982
4 0.0018898899999999972
5 0.0027600899999999998
6 0.0032776100000000046
7 0.0026766399999999897
8 0.0032226900000000037
9 0.003943009999999995
10 0.07386596000000004
11 0.0022075599999999943
12 0.00976003999999999
13 0.0011947599999999985
14 0.006634839999999991
15 0.0055408399999999965
16 0.004357889999999998
17 0.24447400999999996
18 0.2503288899999999
19 0.20279176
20 0.09442815999999997
21 0.21009956000000005
22 0.007317799999999994
23 0.0020598099999999953
24 0.0013195600000000002
25 0.004034839999999986
26 0.005565640000000022
27 0.08572399999999994
28 0.0059352099999999955
29 0.006101210000000001
30 0.58186716
31 0.18262508999999996
32 0.0038198399999999936
33 0.004836039999999995
34 0.003698409999999989
35 0.15782116000000018
36 0.4354917599999998
37 0.09879123999999993
38 0.004550209999999988
39 0.003872649999999968
40 0.07821800000000004
41 0.002588289999999981
42 0.09141084000000015
43 0.08673308999999998
44 0.10693476000000009
45 0.007858960000000007
46 0.09384900000000009
47 0.5023820900000002
48 0.1031134400000002
49 0.20013724000000016
50 0.15649816000000008
51 0.16768100999999974
52 0.0979932900000002
53 0.18391383999999977
54 0.43696348999999995
55 0.09740569000000027
56 0.10985169000000002
57 0.38630076
58 0.09419820999999987
59 0.2475844099999999
60 0.09235668999999977
61 0.27670341000000015
62 0.2823019600000002
63 0.0039404499999999435
64 0.2516590900000001
65 0.21401889000000013
66 0.0041360000000000615
67 0.09608439999999978
68 0.21142209000000078
69 0.32852263999999987
70 0.7978160500000021
71 0.08686575999999974
72 0.2689625599999997
73 0.4084284099999994
74 0.2726442399999994
75 0.4285120099999985
76 0.4678462400000013
77 0.3369387599999991
78 0.38149436000000014
79 0.22334903999999942
80 0.4766164400000016
81 0.4495853599999995
82 0.9256042900000008
83 0.44121088999999963
84 0.8974670499999986
85 0.8418461600000018
86 0.8478170900000002
87 0.25203180999999775
88 0.4290324500000007
89 0.9391018400000016
90 0.8977540500000023
91 0.3859379600000006
92 0.8051470399999998
93 0.8174266900000035
94 0.7519482099999981
95 1.1475240899999992
96 1.9677223599999976
97 1.5346073999999983
98 0.8013747999999993
99 0.8556861600000012
100 2.470004649999995
101 0.6237330899999971
102 1.0425875999999958
103 2.9244504899999995
104 0.43288936000000267
105 1.382858449999999
106 1.1870182100000002
107 0.6738118399999989
108 3.38446449000001
109 0.444803639999998
110 66.23740504999999
111 105.81551615999997
112 68.48230716000003
113 45.48552568999998
114 160.47077876000003
115 140.50432344999996
116 153.13169055999998
117 164.01738236
118 7.0275428399999935
119 198.23042809000012
120 0.7705298399999985
121 119.92909559999987
122 24.96231945000001
123 30.397694359999985
124 65.69415869000007
125 3.9061041999999957
126 6.877256160000004
127 33.22525221000001
128 106.85193281000014
129 9.569837689999977
130 3.15482468999999
131 7.981513209999996
150 4.130088039999984
